[gd_scene format=3 uid="uid://ibawgjup5jyb"]

[ext_resource type="Script" uid="uid://dj1lemnmejakc" path="res://scripts/level.gd" id="1_qpwj6"]
[ext_resource type="Script" uid="uid://bmt2s8jnt8xo7" path="res://scripts/spawner.gd" id="2_ibugp"]
[ext_resource type="PackedScene" uid="uid://dwmvaje7oyxmi" path="res://scenes/player_character.tscn" id="3_8qukl"]
[ext_resource type="Script" uid="uid://cbbxerjy6ubho" path="res://scripts/pinger.gd" id="4_3p04p"]
[ext_resource type="Material" uid="uid://doaqtoc3f68k7" path="res://materials/echo.tres" id="5_qsp8v"]
[ext_resource type="Script" uid="uid://d2ome5x6xlrsw" path="res://scripts/goal.gd" id="6_nt80m"]

[sub_resource type="BoxShape3D" id="BoxShape3D_r5dgx"]
size = Vector3(3, 3, 3)

[node name="Level2" type="Node3D" unique_id=557498288]
script = ExtResource("1_qpwj6")

[node name="Spawner" type="Node3D" parent="." unique_id=1921607871]
transform = Transform3D(1, 0, 0, 0, 1, 0, 0, 0, 1, 1.0095358, -0.05435443, 10.978868)
script = ExtResource("2_ibugp")
player_character_scene = ExtResource("3_8qukl")

[node name="StartPinger" type="Node3D" parent="." unique_id=1626833639]
transform = Transform3D(1, 0, 0, 0, 1, 0, 0, 0, 1, 0.65984535, -0.2654791, 10.818781)
script = ExtResource("4_3p04p")
color = Color(1, 0, 0, 1)

[node name="GoalPinger" type="Node3D" parent="." unique_id=1335815159]
transform = Transform3D(1, 0, 0, 0, 1, 0, 0, 0, 1, -6.3798776, -0.26548028, -8.819923)
script = ExtResource("4_3p04p")
color = Color(0.0333333, 1, 0, 1)

[node name="CSGCombiner3D" type="CSGCombiner3D" parent="." unique_id=776319859]
use_collision = true

[node name="CSGBox3D" type="CSGBox3D" parent="CSGCombiner3D" unique_id=1287413909]
transform = Transform3D(1, 0, 0, 0, 1, 0, 0, 0, 1, 0, 4.5952244, 0)
material_override = ExtResource("5_qsp8v")
use_collision = true
size = Vector3(20, 10, 30)
material = ExtResource("5_qsp8v")

[node name="CSGBox3D2" type="CSGBox3D" parent="CSGCombiner3D" unique_id=309023499]
transform = Transform3D(1, 0, 0, 0, 1, 0, 0, 0, 1, 0, -4.181533, 0)
material_override = ExtResource("5_qsp8v")
use_collision = true
size = Vector3(20, 10, 30)
material = ExtResource("5_qsp8v")

[node name="CSGBox3D4" type="CSGBox3D" parent="CSGCombiner3D" unique_id=1400350602]
transform = Transform3D(-0.20420542, 0, 0.97892815, 0.18052854, 0.9828486, 0.037658438, -0.9621381, 0.18441454, -0.20070301, 1.1535358, 0, 1.2888391)
material_override = ExtResource("5_qsp8v")
operation = 2
use_collision = true
size = Vector3(3, 4, 15)
material = ExtResource("5_qsp8v")

[node name="CSGBox3D5" type="CSGBox3D" parent="CSGCombiner3D" unique_id=459290258]
transform = Transform3D(1, 0, 0, 0, 1, 0, 0, 0, 1, 1.0095358, 0, 6.8717318)
material_override = ExtResource("5_qsp8v")
operation = 2
use_collision = true
size = Vector3(4, 3, 10)
material = ExtResource("5_qsp8v")

[node name="CSGBox3D6" type="CSGBox3D" parent="CSGCombiner3D" unique_id=384650529]
transform = Transform3D(0.9903857, 0.07572709, 0.115765326, -0.075215, 0.9971286, -0.008791816, -0.116098695, 0, 0.9932377, -5.5411196, 0, -2.5179715)
material_override = ExtResource("5_qsp8v")
operation = 2
use_collision = true
size = Vector3(4, 3, 15)
material = ExtResource("5_qsp8v")

[node name="Goal" type="Area3D" parent="." unique_id=678407286]
transform = Transform3D(0.9604348, 0, 0.27850503, 0, 1, 0, -0.27850503, 0, 0.9604348, -5.9015045, 0, -8.223862)
collision_mask = 2
script = ExtResource("6_nt80m")
message = "You Win"

[node name="CollisionShape3D" type="CollisionShape3D" parent="Goal" unique_id=133118476]
shape = SubResource("BoxShape3D_r5dgx")

[connection signal="body_entered" from="Goal" to="Goal" method="_on_body_entered"]
